0.0095283
0.00898618
0.0127958
0.0133707
0.00974697
0.0119989
0.017272
0.00830457
0.0336216
0.0145364
0.0151569
0.0155112
0.0157673
0.0148948
0.0150258
0.0157927
0.0347401
0.0150051
0.0190138
0.0148834
0.00947539
0.0122398
0.0265533
0.0111408
0.21848
0.0254881
0.0110386
0.0109136
0.0112917
0.00975736
0.0101811
0.00979426
0.00964668
0.00958191
0.0132644
0.0102321
0.381014
0.206081
0.205259
0.38116
0.205869
0.207526
0.0301961
0.0310014
0.0415982
0.205888
0.0362615
0.367424
0.219948
0.0155614
0.187942
0.376215
0.0152942
0.20778
0.0168013
0.0182652
0.0115682
0.0126112
0.00891319
0.00954187
0.0208475
0.0194465
0.0210394
0.0108602
0.00986872
0.0153586
0.0174571
0.0303641
0.0143578
0.0146805
0.0223407
0.0267463
0.031015
0.0296471
0.0898313
0.0270449
0.028401
0.0935462
