0.0147874
0.0110164
0.0397067
0.0385997
0.0167974
0.0033861
0.0529265
0.0076083
0.0489722
0.168741
0.0136779
0.0126001
0.0325373
0.0161279
0.360997
0.0242341
0.872765
0.040965
0.708849
0.040772
0.0046842
0.0054196
0.37989
0.0795172
0.334859
0.281247
0.0795809
0.0745163
0.0760187
0.0367142
0.0043334
0.0106813
0.0083866
0.0110224
0.118659
0.0087053
2.28627
2.11061
2.0409
2.26349
1.98578
0.52495
0.356414
0.279641
0.314245
0.521861
0.319074
0.533924
0.0661007
0.0429588
0.0596829
0.0644232
0.0405854
0.0586251
0.0077132
0.0082258
0.0078656
0.0059312
0.0081908
0.0178236
0.0406063
0.0339483
0.0076463
0.01963
0.0173379
0.0254988
0.0412294
0.260487
0.0790118
0.0607969
0.200307
0.34056
0.137155
0.107215
0.371459
0.11443
0.148371
0.366564
0.434133
