0.0070014
0.0060279
0.0101718
0.0116428
0.0061154
0.0053539
0.0142276
0.0054938
0.0207535
0.0123936
0.0123351
0.0124857
0.012472
0.0123203
0.0122461
0.0133335
0.020232
0.0127219
0.0175625
0.0124599
0.0063119
0.0095883
0.034431
0.0082612
0.197431
0.0394178
0.0082434
0.0080899
0.0083762
0.0067909
0.0078925
0.0068494
0.0080942
0.0066427
0.0098829
0.0075874
0.356797
0.198572
0.200149
0.35813
0.196681
0.197284
0.0267135
0.0248982
0.0244137
0.19705
0.0245043
0.352772
0.196929
0.0119897
0.179543
0.354761
0.0124389
0.198368
0.0137617
0.0086772
0.0081752
0.0092503
0.0058863
0.0060239
0.0097992
0.0089017
0.0052705
0.0078426
0.0070499
0.0123462
0.0114691
0.0124503
0.0128387
0.0118275
0.0217546
0.0146484
0.0149973
0.014615
0.0737328
0.0126406
0.0126883
0.0744497
0.0134633
