0.0050044
0.0050491
0.0076375
0.0077969
0.0048474
0.0035025
0.0120301
0.0041008
0.0161042
0.009927
0.009099
0.0093851
0.0094077
0.0096475
0.0131009
0.0108558
0.0223007
0.0098063
0.0182097
0.0106173
0.0038929
0.0064331
0.0155629
0.010546
0.189607
0.0219009
0.0077825
0.0073699
0.0068554
0.0056421
0.0055651
0.0049262
0.0048092
0.0047934
0.0088934
0.006537
0.363681
0.196764
0.20112
0.359812
0.201938
0.194385
0.0248605
0.0186671
0.022714
0.190033
0.0232751
0.350074
0.190089
0.0093033
0.173093
0.353698
0.0089337
0.189174
0.0099256
0.0060283
0.0054269
0.0062707
0.0038331
0.0046901
0.0073337
0.0062767
0.0038323
0.005609
0.0049701
0.0090094
0.0090028
0.0105582
0.0094743
0.0091069
0.0212246
0.013243
0.0120683
0.0120262
0.0733177
0.0100653
0.0099336
0.0741465
0.0129993
