0.103231
0.0696398
0.303821
0.291846
0.116468
0.017885
0.413932
0.0465383
0.369195
1.19647
0.090407
0.0839887
0.236773
0.108468
2.71597
0.169013
7.06419
0.304753
5.7981
0.297901
0.0279286
0.0335016
2.89728
0.584027
2.61955
2.20039
0.603848
0.561874
0.559729
0.262816
0.0258509
0.0758276
0.0552307
0.0788057
0.903679
0.0578439
17.7668
16.2642
15.8941
17.5845
15.3057
4.1716
2.74807
2.18446
2.50273
4.14995
2.47465
4.2357
0.506545
0.319992
0.462571
0.499113
0.308853
0.456828
0.0503332
0.053936
0.0485632
0.0341372
0.0518591
0.126543
0.308212
0.250196
0.0476457
0.136536
0.121075
0.178726
0.290141
2.06863
0.545349
0.429707
1.47161
2.53716
1.00348
0.808716
2.74414
0.845768
1.15359
2.71858
3.32119
