0.0076662
0.0072718
0.0188198
0.0183936
0.0080897
0.0040012
0.032899
0.0051609
0.0293839
0.026859
0.0229601
0.023991
0.024227
0.0226398
0.0368502
0.0264061
0.070883
0.0267812
0.0576082
0.0269301
0.0047826
0.0112591
0.0399269
0.0183146
0.410794
0.0596506
0.0185653
0.017923
0.0159493
0.0116411
0.0084636
0.0089382
0.007766
0.0084263
0.0220906
0.0117022
0.711374
0.42299
0.415646
0.707894
0.422535
0.416307
0.0788056
0.0568915
0.0768326
0.41139
0.0726111
0.676437
0.408715
0.0226692
0.35015
0.68416
0.0223873
0.388278
0.01862
0.0113741
0.0100837
0.0109554
0.0047448
0.0072179
0.0173757
0.0134225
0.0045026
0.010626
0.0084874
0.0181428
0.0219392
0.0301046
0.0242481
0.0226868
0.0447518
0.0378877
0.0333168
0.0327694
0.193038
0.0265743
0.0275664
0.194274
0.0360322
