0.0104299
0.00879801
0.0235574
0.0238079
0.00995042
0.00743264
0.0445529
0.00678637
0.0338751
0.0311013
0.0310411
0.0313592
0.0323737
0.0311789
0.0315036
0.0324649
0.0790701
0.0365128
0.051014
0.0317487
0.00829181
0.016327
0.0530095
0.016289
0.495246
0.0674926
0.0161199
0.0160592
0.0160606
0.0109674
0.0121009
0.0119853
0.0114109
0.011333
0.0237402
0.0128306
0.803818
0.463682
0.462059
0.8004
0.460571
0.483646
0.1022
0.0795439
0.0961707
0.484652
0.0975154
0.790085
0.495912
0.0307876
0.403298
0.799065
0.0316273
0.46095
0.0260223
0.0330249
0.0157151
0.0165075
0.00676407
0.00909445
0.0277342
0.0226995
0.0130512
0.0186076
0.0104645
0.0314937
0.0290989
0.043299
0.0291748
0.0295992
0.0452925
0.0491518
0.0490177
0.0524773
0.230636
0.0504043
0.0518121
0.227515
0.0408565
