3.56655
21.2904
14.3093
16.6294
5.4577
2.99672
0.173285
0.245583
0.548469
0.434732
0.156533
0.162193
2.47568
0.305
1.92592
1.1632
0.598014
0.276449
0.251581
0.121603
0.302497
0.29507
0.341569
0.566032
0.148651
0.318387
0.722571
1.42662
0.731937
0.677692
0.827912
0.798946
10.5821
1.50996
6.77797
8.96689
3.95909
31.314
0.615886
0.59108
0.72749
0.480773
0.655221
0.39016
2.61568
4.65665
5.162
11.6235
3.41474
6.53715
43.0706
29.99
315.859
118.795
28.4746
104.756
271.667
108.523
76.0062
110.741
145.391
2.71701
6.04914
2.66261
10.4269
2.32561
3.62368
0.956204
1.01203
0.378202
0.410594
0.269854
0.124141
7.27816
1.29885
12.4433
3.46122
11.4862
9.36666
2.32762
4.3945
4.2868
35.5712
13.6716
8.21245
5.35138
8.30518
18.081
10.5389
6.87069
9.15522
4.29832
28.8104
2.17104
2.64669
7.93514
5.03283
8.61197
2.87985
5.20857
0.572156
1.65147
0.228969
0.753264
0.455351
0.634449
