0.0565893
0.137551
0.0547264
0.0882941
0.0539954
0.0540059
2.34905
2.68522
2.04972
1.28117
0.387554
0.825143
0.0705713
0.0543606
0.0714601
0.0654403
0.0741686
0.0563605
1.28634
1.95384
4.66021
4.43807
5.10865
2.29353
0.178344
0.0292764
0.412621
0.583258
0.365927
0.24532
0.435898
0.24145
0.251022
0.0623626
0.567296
0.586893
0.0770431
0.899842
0.0660819
0.0560254
0.0751662
0.0511727
0.0395685
0.0330852
0.172636
0.410969
0.494801
0.35435
0.296663
0.191202
0.38504
0.390127
1.79924
0.358385
0.359742
11.4414
14.4844
12.0843
7.19643
4.26652
10.8921
0.0471789
0.146077
0.0539982
0.243069
0.0306475
0.0708471
2.18959
1.27372
0.563089
0.264178
0.346418
0.0326219
0.137184
0.0420112
0.200691
0.161952
0.733398
0.218524
0.0562387
0.431619
0.351467
2.04397
0.343152
1.10877
0.750094
2.45214
0.132639
0.157615
0.215098
0.237179
0.0687202
0.313189
0.0550913
0.0644564
0.0656938
0.0562078
0.0892252
0.0792586
0.0506596
3.61991
4.50431
0.159245
1.73089
0.816811
2.70471
