0.0571043
0.174065
0.0898882
0.125919
0.0663363
0.0559627
2.26768
2.61618
2.00312
1.28161
0.382334
0.813369
0.0909283
0.0442752
0.0931083
0.0848859
0.0901717
0.0424989
1.24785
1.93744
4.615
4.43316
5.0389
2.30603
0.178787
0.0297435
0.415517
0.556696
0.368638
0.245729
0.433939
0.256465
0.275518
0.0586686
0.594607
0.707587
0.104347
0.948908
0.0562726
0.0497961
0.0687539
0.0444922
0.0355602
0.0259114
0.177968
0.397569
0.471046
0.34449
0.282877
0.194442
0.516903
0.583638
2.06889
0.485415
0.412913
11.4755
14.3217
12.0252
7.27407
4.44714
12.3572
0.0610009
0.15577
0.0562207
0.258529
0.0454257
0.0705116
2.21042
1.34381
0.563132
0.254078
0.345923
0.0309225
0.169842
0.0461472
0.216729
0.185373
0.715472
0.240025
0.0829919
0.439529
0.358268
2.05544
0.38685
1.15495
0.786456
2.31057
0.176211
0.20238
0.244056
0.269743
0.108982
0.35418
0.0639031
0.0998809
0.101223
0.0758073
0.12491
0.115743
0.0534176
3.50161
4.35327
0.141218
1.66418
0.782263
2.77838
