0.0495947
0.135503
0.0565869
0.102305
0.0511776
0.049765
2.25398
2.64392
2.07695
1.26807
0.388329
0.823588
0.0604702
0.0424169
0.0607468
0.0491429
0.05851
0.0425745
1.23548
1.90175
4.57914
4.25992
4.95597
2.22438
0.184148
0.0301843
0.416528
0.553131
0.361138
0.240146
0.427424
0.237685
0.234942
0.0497982
0.5573
0.564654
0.0655518
0.875613
0.0500094
0.042872
0.0614614
0.037952
0.0273681
0.0181805
0.154827
0.363942
0.443406
0.318124
0.249403
0.171064
0.363498
0.371071
1.76986
0.332728
0.335209
11.1197
14.0485
11.8128
6.93483
4.10403
10.6257
0.0467566
0.144903
0.0415752
0.232743
0.0294456
0.0518555
2.10662
1.3063
0.568589
0.255486
0.348103
0.0298579
0.133967
0.0392604
0.187404
0.156783
0.696952
0.209348
0.0540028
0.400986
0.330573
2.04573
0.340074
1.14132
0.742949
2.21344
0.12966
0.155893
0.199091
0.222336
0.0648871
0.307256
0.0522157
0.0653134
0.0668687
0.0511193
0.0885488
0.0789435
0.0464573
3.56929
4.3885
0.144148
1.64061
0.773412
2.6014
