0.0354726
0.0114846
0.0094237
0.00619587
0.0107685
0.43369
0.093609
0.97785
1.22949
1.42932
0.684599
6.06432
0.0749681
0.281275
0.466315
0.466216
0.496901
0.064769
0.36631
0.216197
2.53262
0.267619
0.468972
0.197769
0.387899
0.205565
0.122883
0.615617
0.0936687
0.369537
0.21469
2.52634
0.0475562
0.0402115
0.10019
0.147386
0.0395272
0.0600632
0.119874
0.114086
0.039908
1.58694
0.253835
0.169398
0.150665
0.50709
0.0316167
0.0328805
3.72658
2.81369
1.49933
8.04224
4.5201
3.23161
0.100556
0.146581
0.0609822
0.121041
0.114592
0.0897123
0.0365024
1.20397
1.3043
0.350806
1.31049
1.2832
0.873043
2.52132
0.158681
0.0707245
0.0735283
0.145121
0.203008
0.0121049
0.0688632
0.0472183
0.0538241
0.0477035
0.0291032
0.0382218
0.0494232
0.0306859
0.0319508
0.0287945
0.0361149
1.21202
0.435127
1.30846
0.580993
6.6403
1.30169
0.562281
0.627232
0.496834
1.34217
0.570557
0.0781573
0.075479
0.0991205
0.0415848
0.0284155
0.17678
0.117883
2.535
0.0823351
0.183529
0.796971
0.922271
0.120095
0.234282
0.145509
0.0771872
0.141548
0.0499036
0.119429
0.0478875
0.0682739
0.0198841
0.0795163
0.0652098
0.179012
0.120655
0.0717764
0.170722
0.0280248
0.0756364
0.0359565
0.111834
0.0704525
0.139607
0.172035
0.57176
2.48612
0.178951
0.573487
0.645685
0.70857
1.53806
0.586023
0.643501
1.11362
1.8941
0.475911
1.5641
1.83059
1.14925
0.524986
0.643944
