0.0337806
0.010625
0.008617
0.0059649
0.0099084
0.412905
0.0892655
0.938093
1.22499
1.3857
0.657618
5.96726
0.0735057
0.268799
0.44496
0.445839
0.506034
0.0755729
0.34684
0.205461
2.28509
0.279784
0.446157
0.189315
0.37687
0.197901
0.117248
0.577392
0.0761052
0.338083
0.196557
2.30938
0.0387711
0.0331921
0.0990265
0.146459
0.0389903
0.0636105
0.123594
0.116676
0.0395502
1.53816
0.246269
0.164375
0.154641
0.506986
0.026357
0.0261142
3.67738
2.59533
1.40961
7.58616
4.32833
3.08282
0.100493
0.140885
0.06146
0.119806
0.112906
0.0969326
0.0377197
1.18468
1.23275
0.354689
1.2056
1.20049
0.832933
2.25376
0.149584
0.0641163
0.0669009
0.13658
0.18994
0.0113601
0.0690325
0.0478546
0.0557323
0.0447892
0.0281741
0.0383569
0.0468683
0.03893
0.0309187
0.0284386
0.0369265
1.11614
0.404348
1.19923
0.534861
6.34625
1.25419
0.560292
0.608335
0.498317
1.34249
0.552193
0.07586
0.0705392
0.0926388
0.0411353
0.026442
0.177045
0.1138
2.2827
0.0773237
0.173536
0.768103
0.872164
0.11567
0.221445
0.143134
0.0816491
0.124154
0.046909
0.109967
0.0443078
0.0635966
0.0205533
0.0747213
0.0628309
0.170811
0.115269
0.0653042
0.153218
0.0257888
0.0717734
0.0333109
0.109526
0.0662401
0.139526
0.163814
0.621901
2.34509
0.164813
0.550927
0.634949
0.684544
1.45798
0.564827
0.611251
1.0501
1.78831
0.442477
1.46978
1.7176
1.06622
0.485885
0.627947
