0.0308726
0.00853254
0.00683906
0.00364947
0.00774987
0.422536
0.0884402
0.975506
1.22352
1.40836
0.678053
6.0538
0.0787828
0.285156
0.469432
0.46919
0.504974
0.0674606
0.36145
0.211959
2.5132
0.265547
0.465144
0.192848
0.381996
0.204008
0.119431
0.63472
0.106392
0.378506
0.227738
2.53322
0.0500502
0.0335497
0.0959553
0.142627
0.0358917
0.0562481
0.119099
0.111149
0.0386302
1.56074
0.253179
0.167559
0.14831
0.505662
0.0339213
0.0267433
3.70497
2.81923
1.49565
8.06093
4.42435
3.22649
0.0974402
0.144833
0.0575439
0.120188
0.112874
0.0878619
0.0348506
1.19628
1.30653
0.347932
1.29581
1.28327
0.872291
2.50909
0.155823
0.0663765
0.0699482
0.140955
0.19844
0.00933807
0.0654866
0.0449068
0.0502081
0.0453753
0.0262733
0.0355142
0.0457876
0.0282826
0.0294752
0.0252421
0.0353918
1.20268
0.431891
1.33222
0.58524
6.58323
1.29718
0.548906
0.617001
0.49182
1.34106
0.571626
0.0761624
0.0734664
0.0992917
0.0416237
0.027251
0.175843
0.114749
2.50099
0.078867
0.178634
0.793919
0.911533
0.116183
0.220918
0.138468
0.0756189
0.129121
0.0487631
0.119344
0.0472162
0.0677529
0.0223205
0.0796166
0.0662857
0.181323
0.121473
0.0727462
0.159382
0.029761
0.0719406
0.0329416
0.108322
0.0671857
0.135606
0.170081
0.56237
2.47769
0.17658
0.569985
0.636353
0.709208
1.5239
0.589294
0.642319
1.10694
1.87664
0.478015
1.57388
1.83649
1.13885
0.520625
0.643301
