1.17335
1.3611
1.19654
1.23957
1.51306
0.525505
0.944051
0.794154
0.766622
0.579934
0.650744
0.444893
0.57364
0.578506
1.26162
3.10825
1.84787
1.74233
2.18867
0.891897
0.774391
0.998328
0.950605
0.91775
0.82326
1.03927
25.4109
24.6461
32.3392
31.5286
1.38047
2.50303
2.76535
2.716
0.98954
1.22368
6.54388
6.05345
11.8252
18.4485
3.38548
7.2489
11.1568
14.8485
19.0879
27.0103
88.051
77.3706
79.0599
87.8194
77.4881
78.8386
2.43885
33.8034
7.62155
0.865715
0.55874
17.1108
3.7347
3.94651
1.44759
0.911537
0.999394
2.57003
2.33723
1.87939
0.72565
0.689195
1.54562
14.0743
5.00817
7.99295
