0.0304374
0.0082226
0.0064878
0.0036192
0.0081344
0.385443
0.0839086
0.904903
1.16965
1.44867
0.637357
5.82328
0.0775797
0.279885
0.452035
0.454996
0.486903
0.0648509
0.346709
0.212587
2.27423
0.261249
0.437947
0.189405
0.362627
0.199098
0.118005
0.608461
0.103402
0.369856
0.22261
2.38176
0.0497411
0.0310423
0.103892
0.144264
0.0370359
0.0566778
0.120869
0.112025
0.0375831
1.57318
0.247302
0.167804
0.150102
0.506129
0.0341056
0.0258131
3.59726
2.79498
1.50281
8.22623
4.7103
3.09659
0.0978889
0.144577
0.0577244
0.119733
0.110706
0.0890333
0.0361371
1.17187
1.26865
0.335372
1.25223
1.20821
0.827292
2.24473
0.154056
0.063437
0.068337
0.133306
0.191306
0.0088263
0.0640049
0.0442146
0.0497193
0.0428874
0.0256451
0.0358769
0.0457821
0.0288682
0.0287578
0.0259104
0.0356518
1.13943
0.412183
1.23439
0.553329
6.33868
1.24349
0.545008
0.603768
0.515456
1.39514
0.573948
0.0751966
0.072582
0.0965132
0.0409466
0.0267093
0.174114
0.113383
2.26819
0.0770648
0.174438
0.770071
0.899799
0.113255
0.219024
0.142286
0.0754116
0.130062
0.0471596
0.118235
0.0473597
0.0688885
0.0210879
0.0761268
0.0662193
0.181119
0.125054
0.075368
0.160129
0.0292881
0.07332
0.0334359
0.111021
0.0771613
0.137781
0.16433
0.571189
2.5044
0.175166
0.579562
0.695973
0.714693
1.54699
0.597663
0.652722
1.14244
1.91063
0.476089
1.59284
1.87359
1.13462
0.515112
0.711324
