0.122098
0.113968
0.106768
0.119351
0.400462
0.0662949
0.0580559
0.0584719
0.0935989
0.0633725
0.0554896
0.0532712
0.192794
0.193272
0.180429
0.190694
0.186822
0.011918
0.0134064
0.0130012
0.0131117
0.0120626
0.0125338
0.0130408
0.113525
0.116486
0.217077
0.226346
0.334542
0.334709
0.374861
0.328042
0.344342
0.355553
1.31811
1.3571
0.429405
0.380851
0.377349
0.420467
0.437462
0.424383
0.443409
0.43832
0.891428
0.536446
0.589878
0.899427
0.586296
0.544208
0.0407482
0.157441
0.0980941
0.535749
0.513521
0.585306
0.534566
0.558787
0.54489
0.122484
0.12139
0.17497
0.161215
0.143973
0.129257
0.137797
0.052154
0.219968
0.225757
0.226676
