0.0449813
0.0199015
0.0167867
0.0107304
0.0209054
0.057532
0.0346334
0.161812
0.230654
0.236637
0.0581109
1.46199
1.12103
5.23628
6.58091
6.2192
6.65329
0.626968
0.149545
0.121206
0.0697447
0.0575922
0.108791
0.138276
0.0692497
0.0515919
0.0347936
18.4521
7.58044
7.0321
1.04266
2.62664
0.457625
0.572415
0.00354417
0.00338545
0.00271992
0.00311788
0.00261306
0.00294046
0.19382
3.03145
1.21014
0.468614
0.390008
1.65603
0.228158
0.131264
1.68848
2.55222
1.86085
13.6635
5.93855
2.06438
0.0298895
0.0259477
0.0253042
0.0199476
0.0255643
0.0151939
0.0519335
0.201979
0.259082
0.122157
0.279544
0.125022
0.117826
0.0745502
0.0930903
0.0614679
0.105078
0.064304
0.125788
0.0145665
0.0781311
0.0337013
0.108187
0.238616
0.0564697
0.168237
0.104915
0.0193073
0.0651094
0.0168362
0.0728445
0.533077
0.245451
1.00658
1.08954
5.10818
0.864832
0.173752
0.236982
0.160211
0.705165
0.532087
0.105994
0.113958
0.310425
0.0841737
0.0632503
0.144253
0.138923
0.0354182
0.0442989
0.0536893
0.38199
0.547377
0.0414736
0.0677691
0.067369
0.324882
0.694619
0.329909
0.970235
0.370709
0.562672
0.275875
0.301658
0.461805
1.70474
0.582745
0.805778
0.784917
0.305625
0.0632564
0.0682328
0.064785
0.0453006
0.0202291
0.0721825
0.106401
0.323596
0.0664777
0.128533
0.0820931
0.233342
0.250611
0.255046
0.196268
0.218952
0.326705
0.113076
0.129799
0.191488
0.240703
0.153818
0.076072
