0.117038
0.121829
0.108965
0.11753
0.40151
0.0586115
0.0567479
0.0531838
0.0908092
0.0587762
0.0476158
0.0489974
0.179066
0.185628
0.168608
0.166454
0.174196
0.0120424
0.0116144
0.0112772
0.0111249
0.0112178
0.0111848
0.0126342
0.103195
0.117943
0.224036
0.207512
0.338389
0.315037
0.353253
0.314245
0.34287
0.324257
1.30847
1.36761
0.396378
0.379755
0.34843
0.406061
0.412817
0.406732
0.456063
0.425219
0.901229
0.527337
0.579261
0.91818
0.58246
0.537822
0.0364185
0.142891
0.0922567
0.500361
0.526364
0.564885
0.517067
0.499297
0.524246
0.118135
0.111169
0.161072
0.146283
0.130252
0.121827
0.121974
0.0491857
0.224748
0.210616
0.213342
