0.412569
0.345783
0.350948
0.37464
0.349817
0.379451
0.832924
0.463241
0.991197
0.844246
0.368724
0.423213
0.558793
0.671084
0.482518
0.515154
52.9236
20.2091
16.2703
43.7849
4.36247
6.55939
1.44162
1.63877
5.38834
4.77838
3.60781
10.0683
3.26349
2.18837
1.00038
0.921762
1.51256
1.52555
2.70949
1.54413
3.32673
1.27021
1.22794
1.33588
1.25343
0.759121
0.500787
0.755844
0.366052
0.412477
0.428257
0.412583
0.404845
0.406747
0.417382
3.7613
12.0592
2.66087
3.69874
2.88637
5.59874
3.3021
4.33459
22.7181
1.36214
0.831912
5.69678
1.0093
1.82349
3.11795
11.7568
2.67975
3.26671
2.45598
5.08733
3.27604
3.93174
3.24592
1.94709
1.80411
3.31892
2.27371
2.12676
3.32543
2.84334
2.6651
2.788
2.63611
1.39889
1.12687
3.27407
6.16659
3.31497
3.57924
3.54096
4.78812
