0.153924
0.461063
0.246697
0.326246
0.151576
0.160361
6.267
7.05502
5.13484
3.48727
0.977425
2.18124
0.245926
0.122868
0.214689
0.211593
0.233596
0.11552
2.78907
4.796
10.8943
9.85655
11.5079
5.55741
0.46549
0.079626
0.93418
1.29278
1.01975
0.633381
1.09252
0.678312
0.68456
0.159816
1.39058
1.50076
0.242417
2.08009
0.159242
0.151303
0.167124
0.106023
0.099161
0.066253
0.412015
0.965408
1.26635
0.800597
0.675033
0.5481
1.27726
1.66334
5.49718
1.26499
0.964752
28.4973
34.7358
26.6819
16.4438
10.1979
26.6184
0.125958
0.337326
0.119009
0.529343
0.112663
0.162283
4.59506
2.8727
1.38152
0.624197
0.8676
0.076345
0.389261
0.103036
0.460226
0.499631
1.77611
0.526141
0.186921
0.961627
0.781262
4.59522
0.973118
2.82759
2.04352
5.35131
0.459653
0.449059
0.653422
0.676347
0.291016
0.756486
0.165728
0.226823
0.236326
0.196544
0.288352
0.267299
0.124506
8.35517
10.553
0.33878
3.47663
1.69611
5.98534
