0.284425
0.47851
0.222652
0.277962
0.529289
0.233109
0.887186
0.18496
1.2466
0.17389
0.221143
0.20042
0.800783
0.450298
0.621854
6.95813
1.28658
7.2867
0.67403
0.590062
0.67019
0.737218
0.796369
0.510001
0.345827
0.461939
1.46535
0.732852
1.38518
0.796127
0.684013
6.5213
1.47836
5.62696
1.63901
1.66578
5.65718
0.62865
6.57193
5.79057
1.05243
1.36551
5.5128
6.10249
5.88831
0.727455
6.5082
6.68486
1.02411
1.45857
4.63111
0.562051
1.24146
1.09108
0.763554
1.6563
0.687443
6.51715
6.65398
1.46536
1.28531
4.45707
1.6007
0.779299
0.598876
0.718999
0.510565
1.64803
1.05216
1.08245
1.67674
0.965779
0.907485
0.771731
0.856584
0.76161
4.57163
0.840279
0.772066
0.813442
0.818738
0.788816
0.923637
0.780559
0.84793
0.98171
1.04286
0.737392
0.777622
0.796649
0.898155
5.32066
0.759265
0.811069
0.828858
0.875882
0.956979
1.12818
0.918955
1.79028
0.721506
0.89528
0.931505
1.60292
0.736562
0.732383
0.925322
0.708182
0.915415
0.947946
0.928044
1.59481
2.08598
1.61885
2.00016
1.96513
2.7371
3.12705
2.81771
3.16329
3.197
2.81681
3.08808
2.67817
3.37984
2.92879
2.72647
3.21435
1.14749
1.36219
0.110799
0.117474
1.05751
2.11687
1.08144
0.99308
0.882977
1.02165
0.88507
1.04579
2.34154
4.49614
4.18521
3.91307
0.918784
1.01103
0.868158
1.12454
0.924411
0.710206
0.863299
0.71195
0.832882
0.891842
0.830699
0.777
1.6131
0.556994
1.05165
1.20782
4.75325
