7.46576
48.4607
33.2833
38.2381
13.6354
7.79101
0.48643
0.521809
1.25068
1.06368
0.354214
0.39393
6.18581
0.750882
4.26526
2.94925
1.35109
0.611142
0.6546
0.307142
0.7511
0.654975
0.776365
1.29136
0.354765
0.814534
1.90319
3.22589
1.94366
1.5221
1.79773
1.79447
26.551
3.43413
15.3706
22.4006
9.9382
70.7674
1.6143
1.28986
1.86032
1.20887
1.45326
0.887459
6.65741
11.7111
11.6163
29.758
8.40837
16.4217
94.2407
68.6866
774.994
275.167
66.8501
241.473
684.401
271.286
189.471
251.344
353.864
6.73825
13.3624
6.89114
25.6281
5.94062
8.15323
2.49193
2.53013
0.97868
0.902966
0.595321
0.278145
18.5463
2.96199
31.4816
8.58609
26.1506
21.5562
6.04621
10.2911
9.849
90.1492
31.7124
20.9594
12.3404
21.8106
44.9093
23.962
17.4321
20.8018
11.1037
64.3195
5.08369
6.10417
20.3832
11.5821
22.831
7.23815
11.9678
1.30885
3.62865
0.574877
1.69654
1.15219
1.68865
