145.468
1104.86
277.471
119.681
399.331
162.663
118.827
115.938
81.4376
1102.48
302.751
250.388
317.972
349.543
300.036
245.243
136.789
157.731
528.555
318.916
507.767
313.693
321.546
1275.6
480.177
1260.63
232.848
248.73
1170.92
362.885
1171.46
1277.67
256.617
500.799
1126.65
1259.07
1157.56
366.145
1163.75
1271.23
251.635
513.56
1037.48
236.681
423.012
445.493
327.511
615.388
317.773
1281.01
1224.13
246.017
451.823
1031.48
224.731
350.359
245.794
357.712
127.226
246.972
258.537
227.771
249.51
13.4585
545.391
298.415
203.133
309.322
391.639
418.37
223.817
172.853
242.485
525.731
284.613
294.064
771.299
352.209
269.405
257.132
549.808
300.572
498.007
406.374
505.845
407.242
481.036
803.297
546.43
1012.01
719.032
583.183
876.941
1074.9
739.706
597.511
268.227
218.652
286.491
362.963
324.532
1026.39
202.485
327.62
195.411
317.296
278.094
937.591
349.813
1769.23
761.925
376.06
1238.96
502.202
1067.14
972.495
700.947
714.271
686.48
245.366
281.256
494.241
662.539
528.855
514.781
412.047
289.129
602.747
1696.57
1637.79
1631.75
1726.39
289.724
591.96
207.621
465.718
412.705
1103.1
