0.01284
0.005595
0.004556
0.0041805
0.0052188
0.245504
0.0306985
0.414264
0.407012
0.576458
0.283352
1.95082
0.0339216
0.0958019
0.165951
0.171003
0.158312
0.0287183
0.126834
0.0759862
1.41007
0.0990477
0.215803
0.0628427
0.171775
0.0900377
0.0655617
0.192352
0.0341314
0.14087
0.0898125
1.45654
0.0228954
0.0119538
0.048589
0.0652925
0.0164282
0.0332251
0.072779
0.0594709
0.0159625
0.526043
0.0882546
0.0657984
0.0645888
0.179431
0.0469702
0.0158301
2.08918
0.940239
0.577225
2.8842
1.8209
1.79637
0.0485584
0.0657603
0.0339181
0.0703216
0.0593283
0.0510337
0.0221422
0.533829
0.506143
0.125675
0.534227
0.619845
0.39023
1.39516
0.0578332
0.0235723
0.0250448
0.0622188
0.0780689
0.0060752
0.0325771
0.0273584
0.0294217
0.0158394
0.0137271
0.0154291
0.0214027
0.0187756
0.0170853
0.0262588
0.0216034
0.543291
0.158859
0.495228
0.184656
2.11863
0.547277
0.234582
0.259263
0.224677
0.558516
0.230769
0.033873
0.0248434
0.0332831
0.0157377
0.0118038
0.0659149
0.0403392
1.38984
0.0305799
0.0724645
0.315307
0.307991
0.052159
0.0986897
0.0854072
0.0243718
0.0406238
0.0181183
0.0383556
0.0166937
0.0234672
0.0096905
0.045368
0.0263956
0.0574745
0.0521969
0.0255513
0.0671126
0.0119875
0.0282846
0.012683
0.0581665
0.0224117
0.0835178
0.0512234
0.252784
1.02173
0.0722814
0.25505
0.285815
0.296402
0.673846
0.255436
0.289789
0.546849
0.779212
0.142737
0.681905
0.782912
0.347769
0.157503
0.377232
