0.0066519
0.0031935
0.0031882
0.0023482
0.0034088
0.0104155
0.0056717
0.024207
0.0363341
0.0375576
0.010062
0.224738
0.151909
0.665805
0.785947
0.73551
0.780687
0.0787923
0.017883
0.0149086
0.0090959
0.0078328
0.0139637
0.0170751
0.009504
0.0070493
0.005026
2.24878
0.96454
0.894419
0.133697
0.335194
0.0665322
0.0828091
0.0013714
0.001407
0.0013096
0.0013828
0.0013186
0.0017692
0.0293257
0.438692
0.190253
0.0668322
0.0522622
0.260884
0.0329175
0.0185368
0.222321
0.326467
0.235686
1.88808
0.74145
0.262336
0.0045038
0.0042175
0.0041373
0.0036366
0.0051692
0.0029055
0.0078126
0.0273735
0.03543
0.0168785
0.0373113
0.0169293
0.0163832
0.0104686
0.0135559
0.0095936
0.0147284
0.0093484
0.0169563
0.0028637
0.0107319
0.0053073
0.0152829
0.0305921
0.0081652
0.0221318
0.0143926
0.0035917
0.0092999
0.0033737
0.0102322
0.0734568
0.0338132
0.140966
0.147668
0.681622
0.119671
0.0248485
0.0338772
0.0234146
0.0987643
0.0742997
0.0160133
0.0181719
0.0461468
0.0134716
0.0107458
0.0235905
0.0222138
0.0056294
0.0072696
0.0084808
0.0559308
0.0810878
0.0067761
0.0104938
0.0091549
0.0403591
0.0852777
0.0413735
0.117454
0.0455028
0.0692913
0.0372672
0.0395124
0.0613085
0.220322
0.0771167
0.104046
0.104
0.0409295
0.0083117
0.0085719
0.0083837
0.0061923
0.0032525
0.0092603
0.0129315
0.0358388
0.0084638
0.0153882
0.0103395
0.0306099
0.0327082
0.0338985
0.0259793
0.0293467
0.0468717
0.0145876
0.0156795
0.0236728
0.0290351
0.0193506
0.0099577
