0.0263437
0.0189995
0.0055227
0.015699
0.0174107
0.253672
0.0467864
0.422376
0.427762
0.55164
0.303596
1.91767
0.0477148
0.105828
0.20305
0.164563
0.196365
0.0409636
0.147442
0.0929225
1.43462
0.107382
0.26815
0.0674699
0.186216
0.104752
0.0778915
0.193563
0.0407492
0.148692
0.0958127
1.42871
0.0304947
0.0276946
0.0736068
0.0933553
0.0442008
0.0490553
0.0831639
0.0743803
0.0415609
0.531869
0.0974225
0.0719028
0.0805975
0.178925
0.0189021
0.0311047
2.14838
0.962858
0.578982
2.79665
1.82372
1.83533
0.062521
0.0793709
0.0508525
0.0831652
0.0721664
0.064178
0.0257603
0.541348
0.494642
0.134284
0.549782
0.623762
0.431157
1.4425
0.0732483
0.042088
0.0432504
0.0772689
0.0942317
0.021078
0.0543265
0.0427369
0.0464554
0.0312097
0.0273479
0.019104
0.035097
0.0320495
0.0184012
0.0314384
0.0389271
0.555723
0.172075
0.521886
0.192788
2.16502
0.554003
0.253975
0.270428
0.24521
0.586511
0.248
0.0500083
0.0384441
0.0479844
0.0200931
0.0273294
0.0742971
0.0500465
1.40363
0.0462121
0.0796368
0.337031
0.333788
0.0649375
0.114581
0.0905439
0.0375225
0.053368
0.0328896
0.0622426
0.030752
0.0252059
0.0207528
0.0461715
0.0386204
0.0707017
0.0649006
0.0372098
0.0957992
0.0267449
0.0447067
0.0249254
0.0650576
0.036737
0.119379
0.0683148
0.274931
1.04209
0.066503
0.264452
0.307635
0.31523
0.668342
0.278292
0.297445
0.553669
0.78806
0.156619
0.708103
0.791305
0.363652
0.172924
0.382471
